nameseq,AA,AC,AG,AT,CA,CC,CG,CT,GA,GC,GG,GT,TA,TC,TG,TT,label
PS-109_ragout_na_PS-130_scaffolds_in_unplaced_S1B_chr/531944-532030,0.1511627906976744,0.05813953488372093,0.046511627906976744,0.05813953488372093,0.046511627906976744,0.10465116279069768,0.023255813953488372,0.10465116279069768,0.046511627906976744,0.03488372093023256,0.023255813953488372,0.05813953488372093,0.06976744186046512,0.08139534883720931,0.05813953488372093,0.03488372093023256,predict
PS-109_ragout_na_PS-130_scaffolds_in_unplaced_S1B_chr/470877-470791,0.18604651162790697,0.08139534883720931,0.046511627906976744,0.023255813953488372,0.06976744186046512,0.06976744186046512,0.08139534883720931,0.06976744186046512,0.05813953488372093,0.06976744186046512,0.023255813953488372,0.05813953488372093,0.023255813953488372,0.06976744186046512,0.05813953488372093,0.011627906976744186,predict
PS-109_ragout_na_PS-130_scaffolds_in_unplaced_S1B_chr/2066743-2066851,0.07407407407407407,0.06481481481481481,0.037037037037037035,0.07407407407407407,0.06481481481481481,0.037037037037037035,0.08333333333333333,0.037037037037037035,0.05555555555555555,0.10185185185185185,0.037037037037037035,0.08333333333333333,0.05555555555555555,0.027777777777777776,0.1111111111111111,0.05555555555555555,predict
PS-109_ragout_na_PS-130_scaffolds_in_unplaced_S1B_chr/2537119-2537385,0.08270676691729323,0.05639097744360902,0.06766917293233082,0.06015037593984962,0.05639097744360902,0.06015037593984962,0.041353383458646614,0.07142857142857142,0.05639097744360902,0.06766917293233082,0.07518796992481203,0.04887218045112782,0.07142857142857142,0.045112781954887216,0.06766917293233082,0.07142857142857142,predict
PS-109_ragout_na_PS-130_scaffolds_in_unplaced_S1B_chr/608853-608787,0.045454545454545456,0.07575757575757576,0.045454545454545456,0.06060606060606061,0.09090909090909091,0.045454545454545456,0.07575757575757576,0.045454545454545456,0.045454545454545456,0.06060606060606061,0.06060606060606061,0.10606060606060606,0.030303030303030304,0.07575757575757576,0.10606060606060606,0.030303030303030304,predict
PS-109_ragout_na_PS-130_scaffolds_in_unplaced_S1B_chr/3685242-3685176,0.13636363636363635,0.06060606060606061,0.030303030303030304,0.045454545454545456,0.06060606060606061,0.07575757575757576,0.07575757575757576,0.07575757575757576,0.030303030303030304,0.09090909090909091,0.06060606060606061,0.06060606060606061,0.06060606060606061,0.06060606060606061,0.06060606060606061,0.015151515151515152,predict
PS-109_ragout_na_PS-130_scaffolds_in_unplaced_S1B_chr/707880-707814,0.15151515151515152,0.06060606060606061,0.06060606060606061,0.015151515151515152,0.06060606060606061,0.07575757575757576,0.09090909090909091,0.09090909090909091,0.045454545454545456,0.12121212121212122,0.030303030303030304,0.045454545454545456,0.045454545454545456,0.06060606060606061,0.045454545454545456,0.0,predict
PS-109_ragout_na_PS-130_scaffolds_in_unplaced_S1B_chr/313812-313878,0.10606060606060606,0.045454545454545456,0.030303030303030304,0.06060606060606061,0.07575757575757576,0.06060606060606061,0.09090909090909091,0.07575757575757576,0.045454545454545456,0.06060606060606061,0.045454545454545456,0.07575757575757576,0.030303030303030304,0.12121212121212122,0.06060606060606061,0.015151515151515152,predict
PS-109_ragout_na_PS-130_scaffolds_in_unplaced_S1B_chr/986721-986787,0.09090909090909091,0.06060606060606061,0.045454545454545456,0.06060606060606061,0.09090909090909091,0.07575757575757576,0.045454545454545456,0.07575757575757576,0.06060606060606061,0.09090909090909091,0.06060606060606061,0.045454545454545456,0.030303030303030304,0.06060606060606061,0.09090909090909091,0.015151515151515152,predict
PS-109_ragout_na_PS-130_scaffolds_in_unplaced_S1B_chr/3741028-3740960,0.10294117647058823,0.029411764705882353,0.04411764705882353,0.029411764705882353,0.029411764705882353,0.10294117647058823,0.04411764705882353,0.10294117647058823,0.07352941176470588,0.08823529411764706,0.029411764705882353,0.04411764705882353,0.014705882352941176,0.058823529411764705,0.11764705882352941,0.08823529411764706,predict
PS-109_ragout_na_PS-130_scaffolds_in_unplaced_S1B_chr/4109999-4109946,0.07547169811320754,0.07547169811320754,0.09433962264150944,0.05660377358490566,0.05660377358490566,0.03773584905660377,0.07547169811320754,0.0,0.11320754716981132,0.03773584905660377,0.07547169811320754,0.09433962264150944,0.05660377358490566,0.03773584905660377,0.07547169811320754,0.03773584905660377,predict
PS-109_ragout_na_PS-130_scaffolds_in_unplaced_S1B_chr/1188305-1188419,0.11403508771929824,0.06140350877192982,0.008771929824561403,0.07017543859649122,0.05263157894736842,0.10526315789473684,0.06140350877192982,0.043859649122807015,0.05263157894736842,0.03508771929824561,0.017543859649122806,0.06140350877192982,0.03508771929824561,0.06140350877192982,0.07017543859649122,0.14912280701754385,predict
PS-109_ragout_na_PS-130_scaffolds_in_unplaced_S1B_chr/1505667-1505871,0.16666666666666666,0.0392156862745098,0.06862745098039216,0.08823529411764706,0.06372549019607843,0.0196078431372549,0.029411764705882353,0.029411764705882353,0.08823529411764706,0.058823529411764705,0.0392156862745098,0.0392156862745098,0.04411764705882353,0.024509803921568627,0.08823529411764706,0.11274509803921569,predict
PS-109_ragout_na_PS-130_scaffolds_in_unplaced_S1B_chr/1901687-1901410,0.09386281588447654,0.04332129963898917,0.04332129963898917,0.07220216606498195,0.07220216606498195,0.06498194945848375,0.02888086642599278,0.07942238267148015,0.032490974729241874,0.05776173285198556,0.05415162454873646,0.036101083032490974,0.05776173285198556,0.07581227436823104,0.05415162454873646,0.13357400722021662,predict
PS-109_ragout_na_PS-130_scaffolds_in_unplaced_S1B_chr/2476956-2477116,0.1375,0.03125,0.05625,0.0875,0.05625,0.0375,0.025,0.0625,0.08125,0.0375,0.04375,0.03125,0.0375,0.075,0.0625,0.1375,predict
PS-109_ragout_na_PS-130_scaffolds_in_unplaced_S1B_chr/2044164-2044283,0.10084033613445378,0.05042016806722689,0.05042016806722689,0.08403361344537816,0.058823529411764705,0.03361344537815126,0.025210084033613446,0.05042016806722689,0.03361344537815126,0.03361344537815126,0.04201680672268908,0.07563025210084033,0.10084033613445378,0.05042016806722689,0.06722689075630252,0.14285714285714285,predict
PS-109_ragout_na_PS-130_scaffolds_in_unplaced_S1B_chr/2629523-2629628,0.047619047619047616,0.01904761904761905,0.047619047619047616,0.12380952380952381,0.0761904761904762,0.0761904761904762,0.06666666666666667,0.0380952380952381,0.0380952380952381,0.0761904761904762,0.05714285714285714,0.02857142857142857,0.06666666666666667,0.08571428571428572,0.02857142857142857,0.12380952380952381,predict
PS-109_ragout_na_PS-130_scaffolds_in_unplaced_S1B_chr/3122587-3122649,0.0967741935483871,0.016129032258064516,0.04838709677419355,0.06451612903225806,0.03225806451612903,0.0967741935483871,0.03225806451612903,0.06451612903225806,0.03225806451612903,0.03225806451612903,0.04838709677419355,0.04838709677419355,0.06451612903225806,0.06451612903225806,0.03225806451612903,0.22580645161290322,predict
PS-109_ragout_na_PS-130_scaffolds_in_unplaced_S1B_chr/580032-579833,0.1306532663316583,0.05527638190954774,0.035175879396984924,0.1306532663316583,0.07537688442211055,0.02512562814070352,0.01507537688442211,0.04522613065326633,0.05527638190954774,0.03015075376884422,0.05527638190954774,0.01507537688442211,0.09045226130653267,0.05025125628140704,0.05025125628140704,0.1407035175879397,predict
PS-109_ragout_na_PS-130_scaffolds_in_unplaced_S1B_chr/1751998-1752125,0.10236220472440945,0.047244094488188976,0.047244094488188976,0.11023622047244094,0.06299212598425197,0.015748031496062992,0.031496062992125984,0.015748031496062992,0.10236220472440945,0.015748031496062992,0.07874015748031496,0.06299212598425197,0.03937007874015748,0.047244094488188976,0.09448818897637795,0.12598425196850394,predict
PS-109_ragout_na_PS-130_scaffolds_in_unplaced_S1B_chr/1903914-1903993,0.08860759493670886,0.05063291139240506,0.05063291139240506,0.0379746835443038,0.08860759493670886,0.06329113924050633,0.02531645569620253,0.0759493670886076,0.0379746835443038,0.06329113924050633,0.05063291139240506,0.05063291139240506,0.02531645569620253,0.0759493670886076,0.06329113924050633,0.1518987341772152,predict
PS-109_ragout_na_PS-130_scaffolds_in_unplaced_S1B_chr/3678891-3679190,0.07023411371237458,0.056856187290969896,0.013377926421404682,0.08361204013377926,0.07357859531772576,0.11705685618729098,0.07023411371237458,0.056856187290969896,0.06020066889632107,0.056856187290969896,0.030100334448160536,0.046822742474916385,0.020066889632107024,0.08361204013377926,0.08361204013377926,0.07692307692307693,predict
PS-196_unicycler_I3+Pcct_99127_S6_length_4136064_depth_1.00x_circular_true/549673-549759,0.11627906976744186,0.06976744186046512,0.046511627906976744,0.06976744186046512,0.05813953488372093,0.10465116279069768,0.023255813953488372,0.10465116279069768,0.046511627906976744,0.03488372093023256,0.023255813953488372,0.046511627906976744,0.08139534883720931,0.08139534883720931,0.05813953488372093,0.03488372093023256,predict
PS-196_unicycler_I3+Pcct_99127_S6_length_4136064_depth_1.00x_circular_true/2134694-2134803,0.08256880733944955,0.07339449541284404,0.03669724770642202,0.06422018348623854,0.07339449541284404,0.03669724770642202,0.08256880733944955,0.03669724770642202,0.05504587155963303,0.10091743119266056,0.03669724770642202,0.08256880733944955,0.045871559633027525,0.027522935779816515,0.11009174311926606,0.05504587155963303,predict
PS-196_unicycler_I3+Pcct_99127_S6_length_4136064_depth_1.00x_circular_true/3088644-3088710,0.045454545454545456,0.07575757575757576,0.045454545454545456,0.06060606060606061,0.09090909090909091,0.06060606060606061,0.07575757575757576,0.045454545454545456,0.045454545454545456,0.07575757575757576,0.06060606060606061,0.09090909090909091,0.030303030303030304,0.06060606060606061,0.10606060606060606,0.030303030303030304,predict
PS-196_unicycler_I3+Pcct_99127_S6_length_4136064_depth_1.00x_circular_true/923727-923661,0.045454545454545456,0.09090909090909091,0.045454545454545456,0.045454545454545456,0.09090909090909091,0.06060606060606061,0.09090909090909091,0.045454545454545456,0.045454545454545456,0.07575757575757576,0.06060606060606061,0.09090909090909091,0.030303030303030304,0.06060606060606061,0.09090909090909091,0.030303030303030304,predict
PS-196_unicycler_I3+Pcct_99127_S6_length_4136064_depth_1.00x_circular_true/627712-627646,0.045454545454545456,0.07575757575757576,0.045454545454545456,0.07575757575757576,0.10606060606060606,0.09090909090909091,0.06060606060606061,0.030303030303030304,0.045454545454545456,0.06060606060606061,0.06060606060606061,0.09090909090909091,0.030303030303030304,0.06060606060606061,0.10606060606060606,0.015151515151515152,predict
PS-196_unicycler_I3+Pcct_99127_S6_length_4136064_depth_1.00x_circular_true/160825-160759,0.045454545454545456,0.09090909090909091,0.045454545454545456,0.07575757575757576,0.10606060606060606,0.06060606060606061,0.06060606060606061,0.045454545454545456,0.045454545454545456,0.06060606060606061,0.06060606060606061,0.07575757575757576,0.045454545454545456,0.06060606060606061,0.09090909090909091,0.030303030303030304,predict
PS-196_unicycler_I3+Pcct_99127_S6_length_4136064_depth_1.00x_circular_true/3703070-3703004,0.13636363636363635,0.06060606060606061,0.030303030303030304,0.045454545454545456,0.06060606060606061,0.09090909090909091,0.07575757575757576,0.07575757575757576,0.030303030303030304,0.10606060606060606,0.06060606060606061,0.045454545454545456,0.06060606060606061,0.045454545454545456,0.06060606060606061,0.015151515151515152,predict
PS-196_unicycler_I3+Pcct_99127_S6_length_4136064_depth_1.00x_circular_true/1008376-1008442,0.09090909090909091,0.06060606060606061,0.045454545454545456,0.06060606060606061,0.09090909090909091,0.045454545454545456,0.045454545454545456,0.09090909090909091,0.06060606060606061,0.09090909090909091,0.06060606060606061,0.045454545454545456,0.030303030303030304,0.07575757575757576,0.09090909090909091,0.015151515151515152,predict
PS-196_unicycler_I3+Pcct_99127_S6_length_4136064_depth_1.00x_circular_true/3758891-3758825,0.10606060606060606,0.045454545454545456,0.045454545454545456,0.045454545454545456,0.06060606060606061,0.09090909090909091,0.045454545454545456,0.09090909090909091,0.07575757575757576,0.09090909090909091,0.030303030303030304,0.030303030303030304,0.015151515151515152,0.06060606060606061,0.10606060606060606,0.06060606060606061,predict
PS-196_unicycler_I3+Pcct_99127_S6_length_4136064_depth_1.00x_circular_true/1520707-1520912,0.17073170731707318,0.03902439024390244,0.06829268292682927,0.08780487804878048,0.06341463414634146,0.01951219512195122,0.02926829268292683,0.02926829268292683,0.08780487804878048,0.05853658536585366,0.03902439024390244,0.03902439024390244,0.04390243902439024,0.024390243902439025,0.08780487804878048,0.11219512195121951,predict
PS-196_unicycler_I3+Pcct_99127_S6_length_4136064_depth_1.00x_circular_true/2102056-2102175,0.11764705882352941,0.058823529411764705,0.025210084033613446,0.10084033613445378,0.05042016806722689,0.025210084033613446,0.025210084033613446,0.058823529411764705,0.03361344537815126,0.025210084033613446,0.04201680672268908,0.06722689075630252,0.1092436974789916,0.05042016806722689,0.07563025210084033,0.13445378151260504,predict
PS-196_unicycler_I3+Pcct_99127_S6_length_4136064_depth_1.00x_circular_true/598901-598703,0.13131313131313133,0.045454545454545456,0.03535353535353535,0.13636363636363635,0.0707070707070707,0.025252525252525252,0.015151515151515152,0.045454545454545456,0.05555555555555555,0.030303030303030304,0.05555555555555555,0.015151515151515152,0.09090909090909091,0.05555555555555555,0.050505050505050504,0.1414141414141414,predict
PS-196_unicycler_I3+Pcct_99127_S6_length_4136064_depth_1.00x_circular_true/1767050-1767193,0.07692307692307693,0.03496503496503497,0.04895104895104895,0.1048951048951049,0.06293706293706294,0.027972027972027972,0.02097902097902098,0.027972027972027972,0.09090909090909091,0.027972027972027972,0.06993006993006994,0.06993006993006994,0.03496503496503497,0.04895104895104895,0.11188811188811189,0.13986013986013987,predict
PS-196_unicycler_I3+Pcct_99127_S6_length_4136064_depth_1.00x_circular_true/3696696-3696995,0.07023411371237458,0.056856187290969896,0.013377926421404682,0.0802675585284281,0.06688963210702341,0.11371237458193979,0.07023411371237458,0.06020066889632107,0.06020066889632107,0.05351170568561873,0.030100334448160536,0.05351170568561873,0.023411371237458192,0.08361204013377926,0.08695652173913043,0.07692307692307693,predict
PS-65_unicycler_I3+N3-Pcct_99127_S6_length_4148255_depth_1.00x_circular_true/2102803-2102911,0.07407407407407407,0.07407407407407407,0.037037037037037035,0.06481481481481481,0.07407407407407407,0.037037037037037035,0.08333333333333333,0.037037037037037035,0.05555555555555555,0.10185185185185185,0.037037037037037035,0.08333333333333333,0.046296296296296294,0.027777777777777776,0.1111111111111111,0.05555555555555555,predict
PS-65_unicycler_I3+N3-Pcct_99127_S6_length_4148255_depth_1.00x_circular_true/2093530-2093783,0.07509881422924901,0.04743083003952569,0.07114624505928854,0.07114624505928854,0.05928853754940711,0.07114624505928854,0.03162055335968379,0.07114624505928854,0.05928853754940711,0.05928853754940711,0.07114624505928854,0.04743083003952569,0.07114624505928854,0.05533596837944664,0.06719367588932806,0.07114624505928854,predict
PS-65_unicycler_I3+N3-Pcct_99127_S6_length_4148255_depth_1.00x_circular_true/2568033-2568305,0.10661764705882353,0.04411764705882353,0.04779411764705882,0.08455882352941177,0.0661764705882353,0.0625,0.025735294117647058,0.06985294117647059,0.04044117647058824,0.058823529411764705,0.06985294117647059,0.04044117647058824,0.06985294117647059,0.058823529411764705,0.06985294117647059,0.08455882352941177,predict
PS-65_unicycler_I3+N3-Pcct_99127_S6_length_4148255_depth_1.00x_circular_true/3706973-3706907,0.15151515151515152,0.06060606060606061,0.030303030303030304,0.06060606060606061,0.06060606060606061,0.07575757575757576,0.07575757575757576,0.07575757575757576,0.015151515151515152,0.09090909090909091,0.06060606060606061,0.045454545454545456,0.07575757575757576,0.06060606060606061,0.045454545454545456,0.015151515151515152,predict
PS-65_unicycler_I3+N3-Pcct_99127_S6_length_4148255_depth_1.00x_circular_true/35164-35230,0.10606060606060606,0.06060606060606061,0.09090909090909091,0.030303030303030304,0.06060606060606061,0.09090909090909091,0.030303030303030304,0.10606060606060606,0.06060606060606061,0.045454545454545456,0.07575757575757576,0.045454545454545456,0.045454545454545456,0.09090909090909091,0.045454545454545456,0.015151515151515152,predict
PS-65_unicycler_I3+N3-Pcct_99127_S6_length_4148255_depth_1.00x_circular_true/3762769-3762701,0.10294117647058823,0.029411764705882353,0.058823529411764705,0.029411764705882353,0.04411764705882353,0.10294117647058823,0.029411764705882353,0.10294117647058823,0.07352941176470588,0.08823529411764706,0.014705882352941176,0.04411764705882353,0.014705882352941176,0.058823529411764705,0.11764705882352941,0.08823529411764706,predict
PS-65_unicycler_I3+N3-Pcct_99127_S6_length_4148255_depth_1.00x_circular_true/1513526-1513730,0.1715686274509804,0.0392156862745098,0.06862745098039216,0.08823529411764706,0.06372549019607843,0.0196078431372549,0.029411764705882353,0.029411764705882353,0.08823529411764706,0.058823529411764705,0.0392156862745098,0.0392156862745098,0.04411764705882353,0.024509803921568627,0.08823529411764706,0.10784313725490197,predict
PS-65_unicycler_I3+N3-Pcct_99127_S6_length_4148255_depth_1.00x_circular_true/1938979-1938700,0.0967741935483871,0.04659498207885305,0.043010752688172046,0.07168458781362007,0.07168458781362007,0.07168458781362007,0.02867383512544803,0.07885304659498207,0.03225806451612903,0.05734767025089606,0.05017921146953405,0.035842293906810034,0.05734767025089606,0.07168458781362007,0.053763440860215055,0.13261648745519714,predict
PS-65_unicycler_I3+N3-Pcct_99127_S6_length_4148255_depth_1.00x_circular_true/2077698-2077817,0.1092436974789916,0.05042016806722689,0.05042016806722689,0.09243697478991597,0.04201680672268908,0.025210084033613446,0.025210084033613446,0.058823529411764705,0.05042016806722689,0.025210084033613446,0.03361344537815126,0.06722689075630252,0.1092436974789916,0.05042016806722689,0.06722689075630252,0.14285714285714285,predict
PS-65_unicycler_I3+N3-Pcct_99127_S6_length_4148255_depth_1.00x_circular_true/1759863-1760007,0.09027777777777778,0.034722222222222224,0.041666666666666664,0.11805555555555555,0.0625,0.027777777777777776,0.013888888888888888,0.027777777777777776,0.09722222222222222,0.020833333333333332,0.06944444444444445,0.0625,0.034722222222222224,0.04861111111111111,0.11805555555555555,0.13194444444444445,predict
PS-65_unicycler_I3+N3-Pcct_99127_S6_length_4148255_depth_1.00x_circular_true/1941210-1941289,0.08860759493670886,0.05063291139240506,0.0379746835443038,0.0379746835443038,0.0759493670886076,0.06329113924050633,0.0379746835443038,0.0759493670886076,0.0379746835443038,0.06329113924050633,0.06329113924050633,0.05063291139240506,0.02531645569620253,0.0759493670886076,0.06329113924050633,0.1518987341772152,predict
PS-65_unicycler_I3+N3-Pcct_99127_S6_length_4148255_depth_1.00x_circular_true/3700628-3700922,0.07142857142857142,0.05782312925170068,0.013605442176870748,0.0782312925170068,0.07142857142857142,0.11904761904761904,0.07142857142857142,0.061224489795918366,0.05782312925170068,0.05442176870748299,0.027210884353741496,0.05102040816326531,0.02040816326530612,0.08843537414965986,0.08163265306122448,0.07482993197278912,predict
PS-210_unicycler_I3+N3_99127_S4_length_4103413_depth_1.00x_circular_true/539378-539464,0.13953488372093023,0.05813953488372093,0.046511627906976744,0.05813953488372093,0.046511627906976744,0.10465116279069768,0.023255813953488372,0.10465116279069768,0.046511627906976744,0.03488372093023256,0.023255813953488372,0.05813953488372093,0.06976744186046512,0.08139534883720931,0.06976744186046512,0.03488372093023256,predict
PS-210_unicycler_I3+N3_99127_S4_length_4103413_depth_1.00x_circular_true/616161-616095,0.045454545454545456,0.09090909090909091,0.045454545454545456,0.06060606060606061,0.09090909090909091,0.06060606060606061,0.07575757575757576,0.045454545454545456,0.045454545454545456,0.06060606060606061,0.06060606060606061,0.09090909090909091,0.045454545454545456,0.06060606060606061,0.09090909090909091,0.030303030303030304,predict
PS-210_unicycler_I3+N3_99127_S4_length_4103413_depth_1.00x_circular_true/2666407-2666512,0.047619047619047616,0.01904761904761905,0.0380952380952381,0.12380952380952381,0.06666666666666667,0.0761904761904762,0.06666666666666667,0.047619047619047616,0.0380952380952381,0.0761904761904762,0.05714285714285714,0.02857142857142857,0.06666666666666667,0.08571428571428572,0.0380952380952381,0.12380952380952381,predict
PS-52_unicycler_I1+N1cc_99127_S7_length_4163943_depth_1.00x_circular_true/2119158-2119413,0.09803921568627451,0.054901960784313725,0.06666666666666667,0.06666666666666667,0.058823529411764705,0.06274509803921569,0.027450980392156862,0.07450980392156863,0.043137254901960784,0.058823529411764705,0.0784313725490196,0.047058823529411764,0.08627450980392157,0.047058823529411764,0.058823529411764705,0.07058823529411765,predict
PS-52_unicycler_I1+N1cc_99127_S7_length_4163943_depth_1.00x_circular_true/630827-630761,0.045454545454545456,0.07575757575757576,0.045454545454545456,0.06060606060606061,0.09090909090909091,0.07575757575757576,0.07575757575757576,0.030303030303030304,0.045454545454545456,0.06060606060606061,0.06060606060606061,0.10606060606060606,0.030303030303030304,0.06060606060606061,0.10606060606060606,0.030303030303030304,predict
PS-52_unicycler_I1+N1cc_99127_S7_length_4163943_depth_1.00x_circular_true/924216-924150,0.045454545454545456,0.07575757575757576,0.06060606060606061,0.07575757575757576,0.10606060606060606,0.06060606060606061,0.06060606060606061,0.045454545454545456,0.045454545454545456,0.07575757575757576,0.045454545454545456,0.07575757575757576,0.045454545454545456,0.06060606060606061,0.09090909090909091,0.030303030303030304,predict
PS-52_unicycler_I1+N1cc_99127_S7_length_4163943_depth_1.00x_circular_true/3720760-3720694,0.16666666666666666,0.045454545454545456,0.030303030303030304,0.045454545454545456,0.045454545454545456,0.10606060606060606,0.07575757575757576,0.07575757575757576,0.030303030303030304,0.10606060606060606,0.045454545454545456,0.045454545454545456,0.06060606060606061,0.045454545454545456,0.06060606060606061,0.015151515151515152,predict
PS-52_unicycler_I1+N1cc_99127_S7_length_4163943_depth_1.00x_circular_true/1536700-1536903,0.1625615763546798,0.04433497536945813,0.06896551724137931,0.08866995073891626,0.06896551724137931,0.019704433497536946,0.034482758620689655,0.024630541871921183,0.08866995073891626,0.059113300492610835,0.03940886699507389,0.03940886699507389,0.04433497536945813,0.024630541871921183,0.08374384236453201,0.10837438423645321,predict
PS-52_unicycler_I1+N1cc_99127_S7_length_4163943_depth_1.00x_circular_true/1962540-1962262,0.09712230215827339,0.04316546762589928,0.04316546762589928,0.07194244604316546,0.07194244604316546,0.07194244604316546,0.02877697841726619,0.07553956834532374,0.03237410071942446,0.05755395683453238,0.050359712230215826,0.03597122302158273,0.05755395683453238,0.07194244604316546,0.0539568345323741,0.1366906474820144,predict
PS-52_unicycler_I1+N1cc_99127_S7_length_4163943_depth_1.00x_circular_true/2108897-2109017,0.1,0.05,0.05,0.08333333333333333,0.05,0.025,0.025,0.058333333333333334,0.03333333333333333,0.03333333333333333,0.041666666666666664,0.075,0.10833333333333334,0.05,0.06666666666666667,0.15,predict
PS-52_unicycler_I1+N1cc_99127_S7_length_4163943_depth_1.00x_circular_true/2683134-2683239,0.047619047619047616,0.02857142857142857,0.047619047619047616,0.11428571428571428,0.08571428571428572,0.0761904761904762,0.06666666666666667,0.0380952380952381,0.0380952380952381,0.0761904761904762,0.05714285714285714,0.02857142857142857,0.05714285714285714,0.08571428571428572,0.02857142857142857,0.12380952380952381,predict
PS-52_unicycler_I1+N1cc_99127_S7_length_4163943_depth_1.00x_circular_true/601987-601788,0.1457286432160804,0.05527638190954774,0.035175879396984924,0.12562814070351758,0.07537688442211055,0.02512562814070352,0.01507537688442211,0.04522613065326633,0.05527638190954774,0.03015075376884422,0.05527638190954774,0.01507537688442211,0.08542713567839195,0.05025125628140704,0.05025125628140704,0.135678391959799,predict
PS-52_unicycler_I1+N1cc_99127_S7_length_4163943_depth_1.00x_circular_true/3714402-3714701,0.07023411371237458,0.05351170568561873,0.013377926421404682,0.08361204013377926,0.06688963210702341,0.11705685618729098,0.07357859531772576,0.056856187290969896,0.06020066889632107,0.056856187290969896,0.030100334448160536,0.05016722408026756,0.023411371237458192,0.08361204013377926,0.08361204013377926,0.07692307692307693,predict
PS-261a_unicycler_I1+N1cc_557799_S7_length_4269922_depth_1.00x/199938-199693,0.12244897959183673,0.04897959183673469,0.04897959183673469,0.061224489795918366,0.0653061224489796,0.06938775510204082,0.02857142857142857,0.0653061224489796,0.05714285714285714,0.04897959183673469,0.08163265306122448,0.04081632653061224,0.036734693877551024,0.061224489795918366,0.07346938775510205,0.08979591836734693,predict
PS-261a_unicycler_I1+N1cc_557799_S7_length_4269922_depth_1.00x/2278851-2278916,0.046153846153846156,0.046153846153846156,0.07692307692307693,0.046153846153846156,0.015384615384615385,0.06153846153846154,0.06153846153846154,0.07692307692307693,0.09230769230769231,0.046153846153846156,0.06153846153846154,0.09230769230769231,0.06153846153846154,0.06153846153846154,0.09230769230769231,0.06153846153846154,predict
PS-93_unicycler_I2+N3_99127_S2_length_4179885_depth_1.00x_circular_true/2121994-2122103,0.08256880733944955,0.07339449541284404,0.03669724770642202,0.06422018348623854,0.07339449541284404,0.03669724770642202,0.08256880733944955,0.03669724770642202,0.05504587155963303,0.10091743119266056,0.03669724770642202,0.08256880733944955,0.045871559633027525,0.027522935779816515,0.11009174311926606,0.05504587155963303,predict
PS-93_unicycler_I2+N3_99127_S2_length_4179885_depth_1.00x_circular_true/2593423-2593695,0.11029411764705882,0.04411764705882353,0.04411764705882353,0.08455882352941177,0.0661764705882353,0.0661764705882353,0.025735294117647058,0.06985294117647059,0.03676470588235294,0.058823529411764705,0.06985294117647059,0.03676470588235294,0.06985294117647059,0.058823529411764705,0.0661764705882353,0.09191176470588236,predict
PS-93_unicycler_I2+N3_99127_S2_length_4179885_depth_1.00x_circular_true/618236-618170,0.045454545454545456,0.07575757575757576,0.045454545454545456,0.06060606060606061,0.09090909090909091,0.06060606060606061,0.07575757575757576,0.045454545454545456,0.06060606060606061,0.07575757575757576,0.045454545454545456,0.09090909090909091,0.030303030303030304,0.06060606060606061,0.10606060606060606,0.030303030303030304,predict
PS-93_unicycler_I2+N3_99127_S2_length_4179885_depth_1.00x_circular_true/3140432-3140498,0.045454545454545456,0.09090909090909091,0.045454545454545456,0.06060606060606061,0.09090909090909091,0.07575757575757576,0.07575757575757576,0.030303030303030304,0.045454545454545456,0.045454545454545456,0.06060606060606061,0.10606060606060606,0.045454545454545456,0.06060606060606061,0.09090909090909091,0.030303030303030304,predict
PS-93_unicycler_I2+N3_99127_S2_length_4179885_depth_1.00x_circular_true/3737189-3737123,0.13636363636363635,0.06060606060606061,0.045454545454545456,0.06060606060606061,0.07575757575757576,0.09090909090909091,0.06060606060606061,0.07575757575757576,0.030303030303030304,0.10606060606060606,0.045454545454545456,0.030303030303030304,0.06060606060606061,0.045454545454545456,0.06060606060606061,0.015151515151515152,predict
PS-93_unicycler_I2+N3_99127_S2_length_4179885_depth_1.00x_circular_true/760228-760294,0.10606060606060606,0.045454545454545456,0.030303030303030304,0.06060606060606061,0.07575757575757576,0.07575757575757576,0.09090909090909091,0.07575757575757576,0.045454545454545456,0.07575757575757576,0.045454545454545456,0.06060606060606061,0.030303030303030304,0.10606060606060606,0.06060606060606061,0.015151515151515152,predict
PS-93_unicycler_I2+N3_99127_S2_length_4179885_depth_1.00x_circular_true/1534714-1534917,0.16748768472906403,0.04433497536945813,0.06896551724137931,0.08866995073891626,0.06896551724137931,0.019704433497536946,0.034482758620689655,0.024630541871921183,0.08866995073891626,0.059113300492610835,0.03940886699507389,0.03940886699507389,0.04433497536945813,0.024630541871921183,0.08374384236453201,0.10344827586206896,predict
PS-93_unicycler_I2+N3_99127_S2_length_4179885_depth_1.00x_circular_true/2533640-2533800,0.1375,0.03125,0.05625,0.0875,0.05625,0.0375,0.025,0.0625,0.08125,0.03125,0.0375,0.0375,0.0375,0.08125,0.0625,0.1375,predict
PS-93_unicycler_I2+N3_99127_S2_length_4179885_depth_1.00x_circular_true/2103318-2103437,0.1092436974789916,0.05042016806722689,0.05042016806722689,0.09243697478991597,0.058823529411764705,0.03361344537815126,0.025210084033613446,0.05042016806722689,0.04201680672268908,0.03361344537815126,0.03361344537815126,0.06722689075630252,0.10084033613445378,0.05042016806722689,0.06722689075630252,0.13445378151260504,predict
PS-93_unicycler_I2+N3_99127_S2_length_4179885_depth_1.00x_circular_true/589434-589236,0.13131313131313133,0.050505050505050504,0.03535353535353535,0.13131313131313133,0.0707070707070707,0.030303030303030304,0.015151515151515152,0.045454545454545456,0.05555555555555555,0.030303030303030304,0.05555555555555555,0.015151515151515152,0.09090909090909091,0.050505050505050504,0.050505050505050504,0.1414141414141414,predict
PS-93_unicycler_I2+N3_99127_S2_length_4179885_depth_1.00x_circular_true/1809901-1810045,0.09027777777777778,0.034722222222222224,0.041666666666666664,0.1111111111111111,0.0625,0.027777777777777776,0.013888888888888888,0.027777777777777776,0.09027777777777778,0.020833333333333332,0.06944444444444445,0.0625,0.034722222222222224,0.04861111111111111,0.1111111111111111,0.1527777777777778,predict
PS-93_unicycler_I2+N3_99127_S2_length_4179885_depth_1.00x_circular_true/3730836-3731130,0.07482993197278912,0.061224489795918366,0.013605442176870748,0.0782312925170068,0.07482993197278912,0.11564625850340136,0.06802721088435375,0.061224489795918366,0.05442176870748299,0.05442176870748299,0.027210884353741496,0.05102040816326531,0.023809523809523808,0.08503401360544217,0.08163265306122448,0.07482993197278912,predict
PS-24_4121872circular_true_q1023579_ori/9812-9746,0.045454545454545456,0.07575757575757576,0.045454545454545456,0.06060606060606061,0.09090909090909091,0.06060606060606061,0.06060606060606061,0.045454545454545456,0.045454545454545456,0.06060606060606061,0.06060606060606061,0.10606060606060606,0.030303030303030304,0.06060606060606061,0.12121212121212122,0.030303030303030304,predict
PS-24_4121872circular_true_q1023579_ori/35161-35227,0.10606060606060606,0.06060606060606061,0.09090909090909091,0.030303030303030304,0.045454545454545456,0.07575757575757576,0.030303030303030304,0.12121212121212122,0.06060606060606061,0.045454545454545456,0.07575757575757576,0.045454545454545456,0.06060606060606061,0.09090909090909091,0.045454545454545456,0.015151515151515152,predict
PS-24_4121872circular_true_q1023579_ori/3742060-3741994,0.10606060606060606,0.045454545454545456,0.06060606060606061,0.045454545454545456,0.07575757575757576,0.09090909090909091,0.030303030303030304,0.09090909090909091,0.07575757575757576,0.09090909090909091,0.015151515151515152,0.030303030303030304,0.015151515151515152,0.06060606060606061,0.10606060606060606,0.06060606060606061,predict
PS-24_4121872circular_true_q1023579_ori/1488115-1488318,0.1625615763546798,0.04926108374384237,0.06896551724137931,0.08866995073891626,0.07389162561576355,0.019704433497536946,0.029556650246305417,0.024630541871921183,0.08866995073891626,0.054187192118226604,0.03940886699507389,0.03940886699507389,0.04433497536945813,0.024630541871921183,0.08374384236453201,0.10837438423645321,predict
PS-24_4121872circular_true_q1023579_ori/1921458-1921180,0.09352517985611511,0.04316546762589928,0.04316546762589928,0.07194244604316546,0.07194244604316546,0.06474820143884892,0.02877697841726619,0.07913669064748201,0.03237410071942446,0.05755395683453238,0.0539568345323741,0.03597122302158273,0.05755395683453238,0.07553956834532374,0.0539568345323741,0.1366906474820144,predict
PS-31_unicycler_4076871_circular/530919-530972,0.07547169811320754,0.07547169811320754,0.09433962264150944,0.05660377358490566,0.05660377358490566,0.018867924528301886,0.07547169811320754,0.018867924528301886,0.11320754716981132,0.03773584905660377,0.07547169811320754,0.09433962264150944,0.05660377358490566,0.03773584905660377,0.07547169811320754,0.03773584905660377,predict
PS-263_Unicycler_I2+N2_99127_S11_length_4096925_depth_1.00x_circular_true/3659126-3659060,0.18181818181818182,0.06060606060606061,0.045454545454545456,0.045454545454545456,0.09090909090909091,0.09090909090909091,0.06060606060606061,0.06060606060606061,0.030303030303030304,0.10606060606060606,0.045454545454545456,0.030303030303030304,0.030303030303030304,0.045454545454545456,0.06060606060606061,0.015151515151515152,predict
PS-263_Unicycler_I2+N2_99127_S11_length_4096925_depth_1.00x_circular_true/2016898-2017017,0.1092436974789916,0.04201680672268908,0.05042016806722689,0.09243697478991597,0.03361344537815126,0.03361344537815126,0.025210084033613446,0.058823529411764705,0.05042016806722689,0.03361344537815126,0.025210084033613446,0.07563025210084033,0.1092436974789916,0.04201680672268908,0.08403361344537816,0.13445378151260504,predict
PS-263_Unicycler_I2+N2_99127_S11_length_4096925_depth_1.00x_circular_true/3652765-3653064,0.07023411371237458,0.056856187290969896,0.016722408026755852,0.0802675585284281,0.07023411371237458,0.11705685618729098,0.07023411371237458,0.06020066889632107,0.056856187290969896,0.056856187290969896,0.030100334448160536,0.05016722408026756,0.026755852842809364,0.08361204013377926,0.0802675585284281,0.07357859531772576,predict
PS-217_unicycler_I3+N3-N1cc_2133557799_S4_length_4160406_depth_1.00x_circular_true/2088569-2088821,0.0873015873015873,0.04365079365079365,0.08333333333333333,0.08333333333333333,0.06746031746031746,0.05555555555555555,0.011904761904761904,0.07142857142857142,0.05952380952380952,0.047619047619047616,0.06349206349206349,0.047619047619047616,0.08333333333333333,0.05952380952380952,0.06349206349206349,0.07142857142857142,predict
PS-217_unicycler_I3+N3-N1cc_2133557799_S4_length_4160406_depth_1.00x_circular_true/200304-200026,0.11151079136690648,0.03597122302158273,0.07553956834532374,0.07913669064748201,0.04316546762589928,0.039568345323741004,0.03597122302158273,0.05755395683453238,0.0539568345323741,0.046762589928057555,0.06115107913669065,0.0683453237410072,0.09352517985611511,0.0539568345323741,0.06115107913669065,0.08273381294964029,predict
PS-217_unicycler_I3+N3-N1cc_2133557799_S4_length_4160406_depth_1.00x_circular_true/952216-952150,0.045454545454545456,0.07575757575757576,0.045454545454545456,0.06060606060606061,0.07575757575757576,0.06060606060606061,0.07575757575757576,0.045454545454545456,0.045454545454545456,0.06060606060606061,0.06060606060606061,0.10606060606060606,0.045454545454545456,0.06060606060606061,0.10606060606060606,0.030303030303030304,predict
PS-217_unicycler_I3+N3-N1cc_2133557799_S4_length_4160406_depth_1.00x_circular_true/3136283-3136349,0.045454545454545456,0.07575757575757576,0.045454545454545456,0.06060606060606061,0.09090909090909091,0.06060606060606061,0.09090909090909091,0.045454545454545456,0.06060606060606061,0.09090909090909091,0.045454545454545456,0.07575757575757576,0.030303030303030304,0.06060606060606061,0.09090909090909091,0.030303030303030304,predict
PS-217_unicycler_I3+N3-N1cc_2133557799_S4_length_4160406_depth_1.00x_circular_true/757778-757712,0.15151515151515152,0.06060606060606061,0.06060606060606061,0.030303030303030304,0.07575757575757576,0.07575757575757576,0.07575757575757576,0.09090909090909091,0.045454545454545456,0.12121212121212122,0.030303030303030304,0.030303030303030304,0.045454545454545456,0.06060606060606061,0.045454545454545456,0.0,predict
PS-217_unicycler_I3+N3-N1cc_2133557799_S4_length_4160406_depth_1.00x_circular_true/1539756-1539959,0.16748768472906403,0.03940886699507389,0.06896551724137931,0.08866995073891626,0.06403940886699508,0.019704433497536946,0.029556650246305417,0.029556650246305417,0.08866995073891626,0.059113300492610835,0.03940886699507389,0.03940886699507389,0.04433497536945813,0.024630541871921183,0.08866995073891626,0.10837438423645321,predict
PS-217_unicycler_I3+N3-N1cc_2133557799_S4_length_4160406_depth_1.00x_circular_true/2070220-2070339,0.10084033613445378,0.05042016806722689,0.05042016806722689,0.10084033613445378,0.05042016806722689,0.025210084033613446,0.025210084033613446,0.058823529411764705,0.04201680672268908,0.03361344537815126,0.03361344537815126,0.058823529411764705,0.11764705882352941,0.05042016806722689,0.058823529411764705,0.14285714285714285,predict
PS-217_unicycler_I3+N3-N1cc_2133557799_S4_length_4160406_depth_1.00x_circular_true/3730169-3730468,0.07023411371237458,0.056856187290969896,0.013377926421404682,0.0802675585284281,0.07023411371237458,0.11705685618729098,0.07357859531772576,0.056856187290969896,0.06020066889632107,0.056856187290969896,0.030100334448160536,0.05016722408026756,0.020066889632107024,0.08361204013377926,0.08361204013377926,0.07692307692307693,predict
PS-218_Unicycler_I1+N2_33557799127_S8_length_4130126_depth_1.00x_circular_true/308993-309059,0.10606060606060606,0.045454545454545456,0.030303030303030304,0.06060606060606061,0.07575757575757576,0.045454545454545456,0.09090909090909091,0.07575757575757576,0.045454545454545456,0.045454545454545456,0.045454545454545456,0.09090909090909091,0.030303030303030304,0.13636363636363635,0.06060606060606061,0.015151515151515152,predict
PS-54_Unicycler_I2+N2_99127_S1_length_4270309_depth_1.00x_circular_true/2067609-2067717,0.08333333333333333,0.07407407407407407,0.037037037037037035,0.06481481481481481,0.07407407407407407,0.037037037037037035,0.08333333333333333,0.037037037037037035,0.05555555555555555,0.10185185185185185,0.037037037037037035,0.08333333333333333,0.046296296296296294,0.027777777777777776,0.1111111111111111,0.046296296296296294,predict
PS-54_Unicycler_I2+N2_99127_S1_length_4270309_depth_1.00x_circular_true/2263409-2263699,0.09655172413793103,0.04482758620689655,0.05172413793103448,0.09310344827586207,0.05517241379310345,0.05172413793103448,0.017241379310344827,0.06206896551724138,0.06896551724137931,0.03793103448275862,0.06896551724137931,0.05172413793103448,0.06551724137931035,0.05172413793103448,0.09310344827586207,0.0896551724137931,predict
PS-54_Unicycler_I2+N2_99127_S1_length_4270309_depth_1.00x_circular_true/9815-9749,0.045454545454545456,0.06060606060606061,0.045454545454545456,0.06060606060606061,0.09090909090909091,0.06060606060606061,0.07575757575757576,0.045454545454545456,0.030303030303030304,0.09090909090909091,0.07575757575757576,0.09090909090909091,0.030303030303030304,0.06060606060606061,0.10606060606060606,0.030303030303030304,predict
PS-54_Unicycler_I2+N2_99127_S1_length_4270309_depth_1.00x_circular_true/3890911-3890843,0.08823529411764706,0.029411764705882353,0.058823529411764705,0.029411764705882353,0.04411764705882353,0.10294117647058823,0.029411764705882353,0.10294117647058823,0.07352941176470588,0.08823529411764706,0.029411764705882353,0.04411764705882353,0.014705882352941176,0.058823529411764705,0.11764705882352941,0.08823529411764706,predict
