nameseq,A,C,G,T,label
PS-109_ragout_na_PS-130_scaffolds_in_unplaced_S1B_chr/531944-532030,0.3103448275862069,0.27586206896551724,0.16091954022988506,0.25287356321839083,predict
PS-109_ragout_na_PS-130_scaffolds_in_unplaced_S1B_chr/470877-470791,0.3333333333333333,0.28735632183908044,0.20689655172413793,0.1724137931034483,predict
PS-109_ragout_na_PS-130_scaffolds_in_unplaced_S1B_chr/2066743-2066851,0.24770642201834864,0.22935779816513763,0.27522935779816515,0.24770642201834864,predict
PS-109_ragout_na_PS-130_scaffolds_in_unplaced_S1B_chr/2537119-2537385,0.26591760299625467,0.22846441947565543,0.250936329588015,0.2546816479400749,predict
PS-109_ragout_na_PS-130_scaffolds_in_unplaced_S1B_chr/608853-608787,0.22388059701492538,0.2537313432835821,0.2835820895522388,0.23880597014925373,predict
PS-109_ragout_na_PS-130_scaffolds_in_unplaced_S1B_chr/3685242-3685176,0.2835820895522388,0.2835820895522388,0.23880597014925373,0.19402985074626866,predict
PS-109_ragout_na_PS-130_scaffolds_in_unplaced_S1B_chr/707880-707814,0.29850746268656714,0.31343283582089554,0.23880597014925373,0.14925373134328357,predict
PS-109_ragout_na_PS-130_scaffolds_in_unplaced_S1B_chr/313812-313878,0.2537313432835821,0.29850746268656714,0.22388059701492538,0.22388059701492538,predict
PS-109_ragout_na_PS-130_scaffolds_in_unplaced_S1B_chr/986721-986787,0.26865671641791045,0.2835820895522388,0.2537313432835821,0.19402985074626866,predict
PS-109_ragout_na_PS-130_scaffolds_in_unplaced_S1B_chr/3741028-3740960,0.21739130434782608,0.2753623188405797,0.2318840579710145,0.2753623188405797,predict
PS-109_ragout_na_PS-130_scaffolds_in_unplaced_S1B_chr/4109999-4109946,0.2962962962962963,0.18518518518518517,0.3148148148148148,0.2037037037037037,predict
PS-109_ragout_na_PS-130_scaffolds_in_unplaced_S1B_chr/1188305-1188419,0.25217391304347825,0.2608695652173913,0.16521739130434782,0.3217391304347826,predict
PS-109_ragout_na_PS-130_scaffolds_in_unplaced_S1B_chr/1505667-1505871,0.36585365853658536,0.14146341463414633,0.22439024390243903,0.2682926829268293,predict
PS-109_ragout_na_PS-130_scaffolds_in_unplaced_S1B_chr/1901687-1901410,0.25539568345323743,0.2446043165467626,0.17985611510791366,0.32014388489208634,predict
PS-109_ragout_na_PS-130_scaffolds_in_unplaced_S1B_chr/2476956-2477116,0.3105590062111801,0.18012422360248448,0.19254658385093168,0.3167701863354037,predict
PS-109_ragout_na_PS-130_scaffolds_in_unplaced_S1B_chr/2044164-2044283,0.2916666666666667,0.16666666666666666,0.18333333333333332,0.35833333333333334,predict
PS-109_ragout_na_PS-130_scaffolds_in_unplaced_S1B_chr/2629523-2629628,0.2358490566037736,0.25471698113207547,0.19811320754716982,0.3113207547169811,predict
PS-109_ragout_na_PS-130_scaffolds_in_unplaced_S1B_chr/3122587-3122649,0.2222222222222222,0.2222222222222222,0.15873015873015872,0.3968253968253968,predict
PS-109_ragout_na_PS-130_scaffolds_in_unplaced_S1B_chr/580032-579833,0.35,0.16,0.155,0.335,predict
PS-109_ragout_na_PS-130_scaffolds_in_unplaced_S1B_chr/1751998-1752125,0.3046875,0.125,0.2578125,0.3125,predict
PS-109_ragout_na_PS-130_scaffolds_in_unplaced_S1B_chr/1903914-1903993,0.2375,0.25,0.2,0.3125,predict
PS-109_ragout_na_PS-130_scaffolds_in_unplaced_S1B_chr/3678891-3679190,0.22333333333333333,0.31666666666666665,0.19666666666666666,0.2633333333333333,predict
PS-196_unicycler_I3+Pcct_99127_S6_length_4136064_depth_1.00x_circular_true/549673-549759,0.2988505747126437,0.28735632183908044,0.16091954022988506,0.25287356321839083,predict
PS-196_unicycler_I3+Pcct_99127_S6_length_4136064_depth_1.00x_circular_true/2134694-2134803,0.2545454545454545,0.23636363636363636,0.2727272727272727,0.23636363636363636,predict
PS-196_unicycler_I3+Pcct_99127_S6_length_4136064_depth_1.00x_circular_true/3088644-3088710,0.22388059701492538,0.26865671641791045,0.2835820895522388,0.22388059701492538,predict
PS-196_unicycler_I3+Pcct_99127_S6_length_4136064_depth_1.00x_circular_true/923727-923661,0.22388059701492538,0.2835820895522388,0.2835820895522388,0.208955223880597,predict
PS-196_unicycler_I3+Pcct_99127_S6_length_4136064_depth_1.00x_circular_true/627712-627646,0.23880597014925373,0.2835820895522388,0.26865671641791045,0.208955223880597,predict
PS-196_unicycler_I3+Pcct_99127_S6_length_4136064_depth_1.00x_circular_true/160825-160759,0.2537313432835821,0.26865671641791045,0.2537313432835821,0.22388059701492538,predict
PS-196_unicycler_I3+Pcct_99127_S6_length_4136064_depth_1.00x_circular_true/3703070-3703004,0.2835820895522388,0.29850746268656714,0.23880597014925373,0.1791044776119403,predict
PS-196_unicycler_I3+Pcct_99127_S6_length_4136064_depth_1.00x_circular_true/1008376-1008442,0.26865671641791045,0.26865671641791045,0.2537313432835821,0.208955223880597,predict
PS-196_unicycler_I3+Pcct_99127_S6_length_4136064_depth_1.00x_circular_true/3758891-3758825,0.2537313432835821,0.2835820895522388,0.22388059701492538,0.23880597014925373,predict
PS-196_unicycler_I3+Pcct_99127_S6_length_4136064_depth_1.00x_circular_true/1520707-1520912,0.36893203883495146,0.1407766990291262,0.22330097087378642,0.2669902912621359,predict
PS-196_unicycler_I3+Pcct_99127_S6_length_4136064_depth_1.00x_circular_true/2102056-2102175,0.30833333333333335,0.15833333333333333,0.16666666666666666,0.36666666666666664,predict
PS-196_unicycler_I3+Pcct_99127_S6_length_4136064_depth_1.00x_circular_true/598901-598703,0.34673366834170855,0.15577889447236182,0.15577889447236182,0.3417085427135678,predict
PS-196_unicycler_I3+Pcct_99127_S6_length_4136064_depth_1.00x_circular_true/1767050-1767193,0.2638888888888889,0.1388888888888889,0.2569444444444444,0.3402777777777778,predict
PS-196_unicycler_I3+Pcct_99127_S6_length_4136064_depth_1.00x_circular_true/3696696-3696995,0.22,0.31,0.2,0.27,predict
PS-65_unicycler_I3+N3-Pcct_99127_S6_length_4148255_depth_1.00x_circular_true/2102803-2102911,0.24770642201834864,0.23853211009174313,0.27522935779816515,0.23853211009174313,predict
PS-65_unicycler_I3+N3-Pcct_99127_S6_length_4148255_depth_1.00x_circular_true/2093530-2093783,0.2637795275590551,0.23228346456692914,0.24015748031496062,0.2637795275590551,predict
PS-65_unicycler_I3+N3-Pcct_99127_S6_length_4148255_depth_1.00x_circular_true/2568033-2568305,0.28205128205128205,0.22344322344322345,0.21245421245421245,0.28205128205128205,predict
PS-65_unicycler_I3+N3-Pcct_99127_S6_length_4148255_depth_1.00x_circular_true/3706973-3706907,0.31343283582089554,0.2835820895522388,0.208955223880597,0.19402985074626866,predict
PS-65_unicycler_I3+N3-Pcct_99127_S6_length_4148255_depth_1.00x_circular_true/35164-35230,0.2835820895522388,0.2835820895522388,0.23880597014925373,0.19402985074626866,predict
PS-65_unicycler_I3+N3-Pcct_99127_S6_length_4148255_depth_1.00x_circular_true/3762769-3762701,0.2318840579710145,0.2753623188405797,0.21739130434782608,0.2753623188405797,predict
PS-65_unicycler_I3+N3-Pcct_99127_S6_length_4148255_depth_1.00x_circular_true/1513526-1513730,0.37073170731707317,0.14146341463414633,0.22439024390243903,0.2634146341463415,predict
PS-65_unicycler_I3+N3-Pcct_99127_S6_length_4148255_depth_1.00x_circular_true/1938979-1938700,0.2571428571428571,0.25,0.175,0.31785714285714284,predict
PS-65_unicycler_I3+N3-Pcct_99127_S6_length_4148255_depth_1.00x_circular_true/2077698-2077817,0.30833333333333335,0.15,0.175,0.36666666666666664,predict
PS-65_unicycler_I3+N3-Pcct_99127_S6_length_4148255_depth_1.00x_circular_true/1759863-1760007,0.2827586206896552,0.1310344827586207,0.2482758620689655,0.33793103448275863,predict
PS-65_unicycler_I3+N3-Pcct_99127_S6_length_4148255_depth_1.00x_circular_true/1941210-1941289,0.225,0.25,0.2125,0.3125,predict
PS-65_unicycler_I3+N3-Pcct_99127_S6_length_4148255_depth_1.00x_circular_true/3700628-3700922,0.22033898305084745,0.3220338983050847,0.19322033898305085,0.26440677966101694,predict
PS-210_unicycler_I3+N3_99127_S4_length_4103413_depth_1.00x_circular_true/539378-539464,0.2988505747126437,0.27586206896551724,0.1724137931034483,0.25287356321839083,predict
PS-210_unicycler_I3+N3_99127_S4_length_4103413_depth_1.00x_circular_true/616161-616095,0.23880597014925373,0.26865671641791045,0.26865671641791045,0.22388059701492538,predict
PS-210_unicycler_I3+N3_99127_S4_length_4103413_depth_1.00x_circular_true/2666407-2666512,0.22641509433962265,0.25471698113207547,0.19811320754716982,0.32075471698113206,predict
PS-52_unicycler_I1+N1cc_99127_S7_length_4163943_depth_1.00x_circular_true/2119158-2119413,0.28515625,0.22265625,0.23046875,0.26171875,predict
PS-52_unicycler_I1+N1cc_99127_S7_length_4163943_depth_1.00x_circular_true/630827-630761,0.22388059701492538,0.26865671641791045,0.2835820895522388,0.22388059701492538,predict
PS-52_unicycler_I1+N1cc_99127_S7_length_4163943_depth_1.00x_circular_true/924216-924150,0.2537313432835821,0.26865671641791045,0.2537313432835821,0.22388059701492538,predict
PS-52_unicycler_I1+N1cc_99127_S7_length_4163943_depth_1.00x_circular_true/3720760-3720694,0.29850746268656714,0.29850746268656714,0.22388059701492538,0.1791044776119403,predict
PS-52_unicycler_I1+N1cc_99127_S7_length_4163943_depth_1.00x_circular_true/1536700-1536903,0.36764705882352944,0.14705882352941177,0.22549019607843138,0.25980392156862747,predict
PS-52_unicycler_I1+N1cc_99127_S7_length_4163943_depth_1.00x_circular_true/1962540-1962262,0.25806451612903225,0.24731182795698925,0.17562724014336917,0.31899641577060933,predict
PS-52_unicycler_I1+N1cc_99127_S7_length_4163943_depth_1.00x_circular_true/2108897-2109017,0.2892561983471074,0.15702479338842976,0.18181818181818182,0.371900826446281,predict
PS-52_unicycler_I1+N1cc_99127_S7_length_4163943_depth_1.00x_circular_true/2683134-2683239,0.2358490566037736,0.2641509433962264,0.19811320754716982,0.3018867924528302,predict
PS-52_unicycler_I1+N1cc_99127_S7_length_4163943_depth_1.00x_circular_true/601987-601788,0.36,0.16,0.155,0.325,predict
PS-52_unicycler_I1+N1cc_99127_S7_length_4163943_depth_1.00x_circular_true/3714402-3714701,0.22,0.31333333333333335,0.2,0.26666666666666666,predict
PS-261a_unicycler_I1+N1cc_557799_S7_length_4269922_depth_1.00x/199938-199693,0.2804878048780488,0.22764227642276422,0.23170731707317074,0.2601626016260163,predict
PS-261a_unicycler_I1+N1cc_557799_S7_length_4269922_depth_1.00x/2278851-2278916,0.22727272727272727,0.21212121212121213,0.2878787878787879,0.2727272727272727,predict
PS-93_unicycler_I2+N3_99127_S2_length_4179885_depth_1.00x_circular_true/2121994-2122103,0.2545454545454545,0.23636363636363636,0.2727272727272727,0.23636363636363636,predict
PS-93_unicycler_I2+N3_99127_S2_length_4179885_depth_1.00x_circular_true/2593423-2593695,0.28205128205128205,0.2271062271062271,0.20512820512820512,0.2857142857142857,predict
PS-93_unicycler_I2+N3_99127_S2_length_4179885_depth_1.00x_circular_true/618236-618170,0.23880597014925373,0.26865671641791045,0.26865671641791045,0.22388059701492538,predict
PS-93_unicycler_I2+N3_99127_S2_length_4179885_depth_1.00x_circular_true/3140432-3140498,0.23880597014925373,0.26865671641791045,0.26865671641791045,0.22388059701492538,predict
PS-93_unicycler_I2+N3_99127_S2_length_4179885_depth_1.00x_circular_true/3737189-3737123,0.31343283582089554,0.29850746268656714,0.208955223880597,0.1791044776119403,predict
PS-93_unicycler_I2+N3_99127_S2_length_4179885_depth_1.00x_circular_true/760228-760294,0.2537313432835821,0.31343283582089554,0.22388059701492538,0.208955223880597,predict
PS-93_unicycler_I2+N3_99127_S2_length_4179885_depth_1.00x_circular_true/1534714-1534917,0.37254901960784315,0.14705882352941177,0.22549019607843138,0.2549019607843137,predict
PS-93_unicycler_I2+N3_99127_S2_length_4179885_depth_1.00x_circular_true/2533640-2533800,0.3105590062111801,0.18012422360248448,0.18633540372670807,0.32298136645962733,predict
PS-93_unicycler_I2+N3_99127_S2_length_4179885_depth_1.00x_circular_true/2103318-2103437,0.30833333333333335,0.16666666666666666,0.175,0.35,predict
PS-93_unicycler_I2+N3_99127_S2_length_4179885_depth_1.00x_circular_true/589434-589236,0.34673366834170855,0.16080402010050251,0.15577889447236182,0.33668341708542715,predict
PS-93_unicycler_I2+N3_99127_S2_length_4179885_depth_1.00x_circular_true/1809901-1810045,0.27586206896551724,0.1310344827586207,0.2413793103448276,0.35172413793103446,predict
PS-93_unicycler_I2+N3_99127_S2_length_4179885_depth_1.00x_circular_true/3730836-3731130,0.2271186440677966,0.31864406779661014,0.18983050847457628,0.26440677966101694,predict
PS-24_4121872circular_true_q1023579_ori/9812-9746,0.22388059701492538,0.2537313432835821,0.2835820895522388,0.23880597014925373,predict
PS-24_4121872circular_true_q1023579_ori/35161-35227,0.2835820895522388,0.26865671641791045,0.23880597014925373,0.208955223880597,predict
PS-24_4121872circular_true_q1023579_ori/3742060-3741994,0.26865671641791045,0.2835820895522388,0.208955223880597,0.23880597014925373,predict
PS-24_4121872circular_true_q1023579_ori/1488115-1488318,0.37254901960784315,0.14705882352941177,0.22058823529411764,0.25980392156862747,predict
PS-24_4121872circular_true_q1023579_ori/1921458-1921180,0.25448028673835127,0.24372759856630824,0.17921146953405018,0.3225806451612903,predict
PS-31_unicycler_4076871_circular/530919-530972,0.2962962962962963,0.16666666666666666,0.3148148148148148,0.2222222222222222,predict
PS-263_Unicycler_I2+N2_99127_S11_length_4096925_depth_1.00x_circular_true/3659126-3659060,0.34328358208955223,0.29850746268656714,0.208955223880597,0.14925373134328357,predict
PS-263_Unicycler_I2+N2_99127_S11_length_4096925_depth_1.00x_circular_true/2016898-2017017,0.3,0.15,0.18333333333333332,0.36666666666666664,predict
PS-263_Unicycler_I2+N2_99127_S11_length_4096925_depth_1.00x_circular_true/3652765-3653064,0.22333333333333333,0.31666666666666665,0.19666666666666666,0.2633333333333333,predict
PS-217_unicycler_I3+N3-N1cc_2133557799_S4_length_4160406_depth_1.00x_circular_true/2088569-2088821,0.2964426877470356,0.20553359683794467,0.22134387351778656,0.2766798418972332,predict
PS-217_unicycler_I3+N3-N1cc_2133557799_S4_length_4160406_depth_1.00x_circular_true/200304-200026,0.3010752688172043,0.17562724014336917,0.23297491039426524,0.2903225806451613,predict
PS-217_unicycler_I3+N3-N1cc_2133557799_S4_length_4160406_depth_1.00x_circular_true/952216-952150,0.22388059701492538,0.2537313432835821,0.2835820895522388,0.23880597014925373,predict
PS-217_unicycler_I3+N3-N1cc_2133557799_S4_length_4160406_depth_1.00x_circular_true/3136283-3136349,0.23880597014925373,0.2835820895522388,0.26865671641791045,0.208955223880597,predict
PS-217_unicycler_I3+N3-N1cc_2133557799_S4_length_4160406_depth_1.00x_circular_true/757778-757712,0.31343283582089554,0.31343283582089554,0.22388059701492538,0.14925373134328357,predict
PS-217_unicycler_I3+N3-N1cc_2133557799_S4_length_4160406_depth_1.00x_circular_true/1539756-1539959,0.36764705882352944,0.14215686274509803,0.22549019607843138,0.2647058823529412,predict
PS-217_unicycler_I3+N3-N1cc_2133557799_S4_length_4160406_depth_1.00x_circular_true/2070220-2070339,0.30833333333333335,0.15833333333333333,0.16666666666666666,0.36666666666666664,predict
PS-217_unicycler_I3+N3-N1cc_2133557799_S4_length_4160406_depth_1.00x_circular_true/3730169-3730468,0.22,0.31666666666666665,0.2,0.2633333333333333,predict
PS-218_Unicycler_I1+N2_33557799127_S8_length_4130126_depth_1.00x_circular_true/308993-309059,0.2537313432835821,0.2835820895522388,0.22388059701492538,0.23880597014925373,predict
PS-54_Unicycler_I2+N2_99127_S1_length_4270309_depth_1.00x_circular_true/2067609-2067717,0.25688073394495414,0.23853211009174313,0.27522935779816515,0.22935779816513763,predict
PS-54_Unicycler_I2+N2_99127_S1_length_4270309_depth_1.00x_circular_true/2263409-2263699,0.2852233676975945,0.18556701030927836,0.23024054982817868,0.29896907216494845,predict
PS-54_Unicycler_I2+N2_99127_S1_length_4270309_depth_1.00x_circular_true/9815-9749,0.208955223880597,0.26865671641791045,0.29850746268656714,0.22388059701492538,predict
PS-54_Unicycler_I2+N2_99127_S1_length_4270309_depth_1.00x_circular_true/3890911-3890843,0.21739130434782608,0.2753623188405797,0.2318840579710145,0.2753623188405797,predict
PS-54_Unicycler_I2+N2_99127_S1_length_4270309_depth_1.00x_circular_true/2047497-2047616,0.3,0.15833333333333333,0.175,0.36666666666666664,predict
PS-54_Unicycler_I2+N2_99127_S1_length_4270309_depth_1.00x_circular_true/1907648-1907727,0.25,0.25,0.2,0.3,predict
PS-149_Unicycler_I2+N2_99127_S1_length_4102341_depth_1.00x_circular_true/2552102-2552369,0.26865671641791045,0.22388059701492538,0.2462686567164179,0.26119402985074625,predict
PS-20_unicycler_I3+N3-N1cc_99127_S4_length_4040387_depth_1.00x_circular_true/610253-610319,0.26865671641791045,0.26865671641791045,0.2537313432835821,0.208955223880597,predict
PS-20_unicycler_I3+N3-N1cc_99127_S4_length_4040387_depth_1.00x_circular_true/165526-165596,0.30985915492957744,0.2676056338028169,0.22535211267605634,0.19718309859154928,predict
PS-20_unicycler_I3+N3-N1cc_99127_S4_length_4040387_depth_1.00x_circular_true/1728786-1728930,0.2689655172413793,0.13793103448275862,0.25517241379310346,0.33793103448275863,predict
PS-209_unicycler_I1+Pcct_33557799127_S5_length_4101484_depth_1.00x_circular_true/2063825-2063933,0.25688073394495414,0.24770642201834864,0.27522935779816515,0.22018348623853212,predict
PS-209_unicycler_I1+Pcct_33557799127_S5_length_4101484_depth_1.00x_circular_true/626957-626891,0.22388059701492538,0.2537313432835821,0.2835820895522388,0.23880597014925373,predict
PS-209_unicycler_I1+Pcct_33557799127_S5_length_4101484_depth_1.00x_circular_true/3703172-3703106,0.2537313432835821,0.29850746268656714,0.22388059701492538,0.22388059701492538,predict
PS-209_unicycler_I1+Pcct_33557799127_S5_length_4101484_depth_1.00x_circular_true/1894387-1894111,0.2563176895306859,0.24187725631768953,0.18050541516245489,0.3212996389891697,predict
PS-209_unicycler_I1+Pcct_33557799127_S5_length_4101484_depth_1.00x_circular_true/2040436-2040555,0.30833333333333335,0.16666666666666666,0.175,0.35,predict
PS-209_unicycler_I1+Pcct_33557799127_S5_length_4101484_depth_1.00x_circular_true/598150-597950,0.3582089552238806,0.15920398009950248,0.15422885572139303,0.3283582089552239,predict
PS-209_unicycler_I1+Pcct_33557799127_S5_length_4101484_depth_1.00x_circular_true/1751165-1751309,0.27586206896551724,0.13793103448275862,0.2482758620689655,0.33793103448275863,predict
PS-233_Unicycler_I2+N2_99127_S1_length_4234032_depth_1.00x_circular_true/2253128-2253415,0.3020833333333333,0.19444444444444445,0.22569444444444445,0.2777777777777778,predict
PS-233_Unicycler_I2+N2_99127_S1_length_4234032_depth_1.00x_circular_true/2206568-2206633,0.24242424242424243,0.21212121212121213,0.30303030303030304,0.24242424242424243,predict
PS-64_Unicycler_I2+N2_99127_S1_length.../317499-317565,0.2537313432835821,0.2835820895522388,0.22388059701492538,0.23880597014925373,predict
PS-108_unicycler_I3+Pcct_99127_S6_length_4146198_depth_1.00x_circular_true/3076648-3076714,0.22388059701492538,0.26865671641791045,0.26865671641791045,0.23880597014925373,predict
PS-15_unicycler_I1+N1cc_99127_S7_length_4101297_depth_1.00x_circular_true/2028149-2028268,0.2916666666666667,0.175,0.175,0.35833333333333334,predict
PS-15_unicycler_I1+N1cc_99127_S7_length_4101297_depth_1.00x_circular_true/3664289-3664588,0.22,0.31333333333333335,0.2,0.26666666666666666,predict
PS-160a_unicycler_I1+N1cc_213355_S7_length_4091806_depth_1.00x/1836528-1836271,0.2558139534883721,0.22868217054263565,0.23255813953488372,0.28294573643410853,predict
PS-160a_unicycler_I1+N1cc_213355_S7_length_4091806_depth_1.00x/1883249-1883140,0.3,0.20909090909090908,0.24545454545454545,0.24545454545454545,predict
PS-194_Unicycler_I3+N2_99127_S3_length_4401718_depth_1.00x_circular_true/2293474-2293735,0.2748091603053435,0.21374045801526717,0.21755725190839695,0.29389312977099236,predict
